id camera_id name 
 camera parameters: id, model, width, height 
 params(4) 
 qvec(4) tvec(3) 
===========================================================
1 1 10.jpg 
1 SIMPLE_RADIAL 2304 3072 
3350.154541 1152.000000 1536.000000 -0.125887 
0.993422 -0.072820 0.082003 -0.032937 3.504320 -0.432143 -0.833699 
===========================================================
2 2 10579282105_54649029c1.jpg 
2 SIMPLE_RADIAL 3296 2472 
3473.284668 1648.000000 1236.000000 -0.166163 
0.996964 0.072015 -0.029573 0.001638 3.006232 0.655817 1.996556 
===========================================================
3 4 10971092296_f8ddfeea89.jpg 
4 SIMPLE_RADIAL 1944 1296 
2088.325195 972.000000 648.000000 -0.009058 
0.840025 0.060748 0.514603 -0.160783 -3.268196 0.611827 3.484527 
===========================================================
4 3 10579344404_226ce90568.jpg 
3 SIMPLE_RADIAL 3296 2472 
3453.504395 1648.000000 1236.000000 -0.136430 
0.993298 0.107248 0.039759 -0.016610 1.844032 0.636448 2.309253 
===========================================================
5 5 11.jpg 
5 SIMPLE_RADIAL 3597 2395 
1929.853516 1798.500000 1197.500000 -0.059112 
0.988051 0.094891 0.117446 -0.030950 2.156107 0.235725 0.653078 
===========================================================
6 6 11622352534_c811d32ea9.jpg 
6 SIMPLE_RADIAL 4288 2848 
3896.452881 2144.000000 1424.000000 -0.069221 
0.998809 0.029497 -0.038390 0.005989 2.746297 0.594183 1.651333 
===========================================================
7 8 11774464725_4d3c924af3.jpg 
8 SIMPLE_RADIAL 720 538 
564.066223 360.000000 269.000000 -0.113419 
0.994843 0.069400 0.069025 -0.026570 1.677601 0.496015 1.586630 
===========================================================
8 7 11622367944_ace7d41b1a.jpg 
7 SIMPLE_RADIAL 4288 2848 
3414.070312 2144.000000 1424.000000 -0.122473 
0.848829 0.010105 0.493540 -0.189226 -2.457478 -0.082310 -0.044105 
===========================================================
9 9 11843325923_d9ea552113.jpg 
9 SIMPLE_RADIAL 3264 2448 
2948.573486 1632.000000 1224.000000 0.069702 
0.998759 0.042308 0.017571 -0.019536 2.934704 0.466717 1.435268 
===========================================================
10 10 11961571544_fa27a96ae4.jpg 
10 SIMPLE_RADIAL 5184 3456 
5673.517578 2592.000000 1728.000000 -0.081054 
0.994441 0.055775 -0.083544 0.031580 3.429979 1.074982 3.387155 
===========================================================
11 12 12.jpg 
12 SIMPLE_RADIAL 2048 1536 
2290.725830 1024.000000 768.000000 -0.213473 
0.998417 0.053516 -0.011364 -0.013086 2.683932 0.454185 1.579803 
===========================================================
12 13 12216532524_d62f9b7f22.jpg 
13 SIMPLE_RADIAL 1024 768 
804.173279 512.000000 384.000000 -0.028424 
0.997285 0.008180 0.068282 -0.026332 2.781088 0.372372 0.725326 
===========================================================
13 14 12759277323_58c1be4438.jpg 
14 SIMPLE_RADIAL 1179 896 
1128.156860 589.500000 448.000000 -0.074546 
0.884200 0.085066 0.437517 -0.139758 -3.133683 0.586467 2.623836 
===========================================================
14 15 12759581254_0071e038d3.jpg 
15 SIMPLE_RADIAL 1195 910 
1834.379517 597.500000 455.000000 -0.130656 
0.743183 0.096524 0.634517 -0.189076 -4.827819 1.559025 8.846551 
===========================================================
15 16 13.jpg 
16 SIMPLE_RADIAL 635 357 
648.459534 317.500000 178.500000 -0.003754 
0.994919 0.078724 -0.057982 0.024024 3.771830 0.964896 3.433944 
===========================================================
16 11 11967530964_7a81e162a4.jpg 
11 SIMPLE_RADIAL 3648 2736 
3004.150146 1824.000000 1368.000000 -0.112114 
0.984001 -0.118633 -0.115078 0.066522 3.778051 0.210165 0.267237 
===========================================================
17 22 15.jpg 
22 SIMPLE_RADIAL 640 640 
965.158997 320.000000 320.000000 0.009937 
0.979744 0.132738 -0.143394 0.043828 3.287499 1.010606 5.435378 
===========================================================
18 17 13315090065_3b1cb55f6a.jpg 
17 SIMPLE_RADIAL 3264 2448 
2809.337158 1632.000000 1224.000000 0.171476 
0.952071 0.078931 0.273151 -0.112781 -0.311554 0.262345 0.692572 
===========================================================
19 21 14978745168_5a483298e8.jpg 
21 SIMPLE_RADIAL 686 1025 
778.616150 343.000000 512.500000 -0.113079 
0.991109 -0.066475 -0.099848 0.057577 4.526440 0.003531 -0.091385 
===========================================================
20 19 14301127710_6bd547cafa.jpg 
19 SIMPLE_RADIAL 5184 3888 
8662.884766 2592.000000 1944.000000 -0.173638 
0.729239 0.065502 0.644110 -0.221455 -4.605099 2.071024 7.618948 
===========================================================
22 20 14926312242_b8f1ee41cc.jpg 
20 SIMPLE_RADIAL 4608 3456 
5181.562012 2304.000000 1728.000000 -0.071268 
0.988811 0.135729 -0.059488 0.017087 2.640156 0.747460 4.807669 
===========================================================
23 24 16.jpg 
24 SIMPLE_RADIAL 1024 683 
566.155029 512.000000 341.500000 0.284572 
0.988314 0.118801 -0.089752 0.032660 3.134702 0.517401 2.665647 
===========================================================
25 23 15167875038_1b4be105df.jpg 
23 SIMPLE_RADIAL 6000 4000 
6992.161133 3000.000000 2000.000000 0.027728 
0.992843 0.107859 -0.048475 0.016721 2.877631 1.064828 4.917685 
===========================================================
26 26 18.jpg 
26 SIMPLE_RADIAL 4000 3000 
2979.025391 2000.000000 1500.000000 -0.028878 
0.831403 -0.036542 0.499202 -0.241310 -3.536759 0.533618 0.894444 
===========================================================
27 28 20.jpg 
28 SIMPLE_RADIAL 800 600 
826.156128 400.000000 300.000000 -0.142143 
0.878159 0.034324 0.446466 -0.168308 -3.060896 0.870043 2.412742 
===========================================================
28 27 19.jpg 
27 SIMPLE_RADIAL 3799 2862 
4064.206787 1899.500000 1431.000000 -0.116972 
0.835556 0.033426 0.519841 -0.174627 -3.713213 0.525033 2.704199 
===========================================================
29 30 22.jpg 
30 SIMPLE_RADIAL 2048 1365 
1524.327515 1024.000000 682.500000 -0.009996 
0.882173 0.095677 0.439300 -0.140114 -3.369669 0.559354 2.742907 
===========================================================
30 31 4545434392_25360e4810.jpg 
31 SIMPLE_RADIAL 1600 1200 
1498.734741 800.000000 600.000000 -0.179686 
0.858033 0.076534 0.479214 -0.168155 -3.439027 0.585549 2.801902 
===========================================================
31 29 21.jpg 
29 SIMPLE_RADIAL 5184 3456 
3467.562012 2592.000000 1728.000000 -0.042310 
0.884112 0.106892 0.437880 -0.123214 -3.316204 0.419052 2.542650 
===========================================================
32 33 4557989492_d28a41844e.jpg 
33 SIMPLE_RADIAL 1024 768 
1123.255981 512.000000 384.000000 -0.108854 
0.797832 0.055341 0.568905 -0.191699 -3.165556 0.837190 3.860910 
===========================================================
33 34 4563041508_482965c62a.jpg 
34 SIMPLE_RADIAL 1024 681 
540.738953 512.000000 340.500000 -0.024501 
0.842331 0.089727 0.515881 -0.127645 -3.508569 0.514703 3.732637 
===========================================================
34 35 4593473492_6bf1a831ab.jpg 
35 SIMPLE_RADIAL 500 333 
387.055328 250.000000 166.500000 -0.091580 
0.999108 0.021556 -0.036307 -0.000704 1.983999 0.428272 1.349626 
===========================================================
35 36 4639948598_e010a2093b.jpg 
36 SIMPLE_RADIAL 1024 683 
850.278870 512.000000 341.500000 -0.107231 
0.996063 -0.060439 -0.064670 0.004907 3.326104 0.130778 0.478671 
===========================================================
36 32 4553790153_49734bbf3d.jpg 
32 SIMPLE_RADIAL 3648 2736 
3776.083740 1824.000000 1368.000000 -0.087473 
0.986970 0.142568 -0.071609 0.020901 2.538934 0.732059 5.022941 
===========================================================
37 38 4777294516_51ae5a1761.jpg 
38 SIMPLE_RADIAL 1200 800 
981.481750 600.000000 400.000000 -0.118363 
0.996845 -0.013795 -0.060713 0.049234 2.621727 0.677112 1.174865 
===========================================================
38 39 4838506227_f58c9fb017.jpg 
39 SIMPLE_RADIAL 1024 695 
779.396912 512.000000 347.500000 -0.084592 
0.998280 0.039321 -0.038538 0.020161 2.700003 0.661622 1.652335 
===========================================================
39 37 4708947725_b33a257c04.jpg 
37 SIMPLE_RADIAL 3648 2736 
3712.332031 1824.000000 1368.000000 -0.025740 
0.991012 -0.112171 -0.071824 0.012431 3.747348 -0.037219 0.246606 
===========================================================
40 41 4959328458_da5e85131b.jpg 
41 SIMPLE_RADIAL 1024 768 
760.432373 512.000000 384.000000 -0.064420 
0.997998 0.060096 0.003501 -0.019378 2.923493 0.265065 1.094488 
===========================================================
41 40 4868947119_6ba2b8e62d.jpg 
40 SIMPLE_RADIAL 4478 2809 
3797.717041 2239.000000 1404.500000 -0.139264 
0.994369 0.099606 -0.025099 0.026058 2.187530 0.661007 2.647831 
===========================================================
42 43 5019403941_5b71f6af2c.jpg 
43 SIMPLE_RADIAL 800 600 
826.148987 400.000000 300.000000 -0.142096 
0.878159 0.034322 0.446466 -0.168306 -3.060900 0.870030 2.412740 
===========================================================
43 42 4983241236_44fd37e9b9.jpg 
42 SIMPLE_RADIAL 4320 3240 
2950.578369 2160.000000 1620.000000 -0.010067 
0.999524 -0.029213 -0.002795 -0.009546 2.573786 0.075672 0.135549 
===========================================================
44 45 5038304017_cb3a00839f.jpg 
45 SIMPLE_RADIAL 768 1024 
1236.345459 384.000000 512.000000 0.022683 
0.989046 0.058413 0.123212 -0.056518 2.412038 0.113417 0.291068 
===========================================================
45 44 5023924935_be763a7335.jpg 
44 SIMPLE_RADIAL 3872 2160 
2736.070801 1936.000000 1080.000000 -0.218693 
0.992958 0.086750 -0.079932 -0.010950 1.236376 0.569080 2.120438 
===========================================================
46 46 5038304519_e9da2c3e2e.jpg 
46 SIMPLE_RADIAL 1024 768 
789.380432 512.000000 384.000000 -0.092786 
0.996359 0.082236 0.006045 -0.021680 2.255303 0.207560 0.917920 
===========================================================
47 48 5476949467_ef1f8049ef.jpg 
48 SIMPLE_RADIAL 1024 667 
631.606079 512.000000 333.500000 -0.052369 
0.907964 0.030596 0.401636 -0.115557 -1.145519 -0.401888 -0.995603 
===========================================================
48 47 5134936063_899973c8d6.jpg 
47 SIMPLE_RADIAL 3648 2736 
3719.800049 1824.000000 1368.000000 -0.085217 
0.999306 0.021055 0.010610 -0.028830 2.197306 0.249299 0.766246 
===========================================================
49 49 5631005174_5148e1e651.jpg 
49 SIMPLE_RADIAL 3072 2304 
3205.082031 1536.000000 1152.000000 -0.153800 
0.865583 0.085457 0.471573 -0.145194 -2.928739 0.603167 2.587501 
===========================================================
50 50 5661676696_3ba911f746.jpg 
50 SIMPLE_RADIAL 1024 768 
1076.083252 512.000000 384.000000 -0.134553 
0.993890 -0.065883 -0.086756 0.017757 3.350572 0.115554 0.485888 
===========================================================
51 51 5676416982_ef3ed7bc05.jpg 
51 SIMPLE_RADIAL 1141 760 
1108.172974 570.500000 380.000000 -0.108843 
0.863616 0.052027 0.469058 -0.177328 -2.964850 0.912367 2.624593 
===========================================================
52 52 5679090173_7710b67c01.jpg 
52 SIMPLE_RADIAL 1024 681 
1290.341309 512.000000 340.500000 -0.065660 
0.998114 0.041218 0.035856 -0.028011 1.910698 0.590358 1.711662 
===========================================================
53 54 5867632218_7ef4e8463c.jpg 
54 SIMPLE_RADIAL 1024 740 
1266.126343 512.000000 370.000000 0.103345 
0.781500 0.078412 0.591842 -0.181197 -5.195235 1.490663 7.134723 
===========================================================
54 53 5764485896_43070cbab4.jpg 
53 SIMPLE_RADIAL 4272 2848 
3576.878662 2136.000000 1424.000000 -0.135097 
0.866151 0.076176 0.472832 -0.142860 -3.163182 0.569950 2.814026 
===========================================================
55 55 5924844282_849eabb181.jpg 
55 SIMPLE_RADIAL 2048 1536 
1519.862061 1024.000000 768.000000 -0.102282 
0.989147 -0.055504 -0.120211 0.063686 3.691854 0.374319 0.608457 
===========================================================
56 61 6136582769_85ae37ce07.jpg 
61 SIMPLE_RADIAL 4288 3216 
4184.025391 2144.000000 1608.000000 0.040428 
0.810531 0.120409 0.549422 -0.163332 -4.730282 0.728290 5.692051 
===========================================================
57 57 6005913570_7d0d659270.jpg 
57 SIMPLE_RADIAL 648 432 
525.142151 324.000000 216.000000 -0.116574 
0.999758 -0.007202 -0.009429 -0.018536 2.285969 0.316332 0.760359 
===========================================================
58 58 6080607548_d68af93936.jpg 
58 SIMPLE_RADIAL 1024 768 
1033.120972 512.000000 384.000000 -0.131826 
0.998443 0.050181 -0.024323 -0.001449 2.783502 0.496596 1.540022 
===========================================================
59 59 6099961904_11545ab635.jpg 
59 SIMPLE_RADIAL 4000 3000 
5575.465332 2000.000000 1500.000000 0.053093 
0.992140 0.121705 -0.025607 0.013805 3.003152 0.967239 5.049599 
===========================================================
60 60 6119783941_8586f03063.jpg 
60 SIMPLE_RADIAL 4608 3072 
3601.726074 2304.000000 1536.000000 -0.022430 
0.998687 0.041634 0.028553 0.008645 2.121402 0.445316 0.902422 
===========================================================
61 62 6218642021_0c9bc38496.jpg 
62 SIMPLE_RADIAL 2048 1536 
2137.455811 1024.000000 768.000000 -0.120910 
0.868456 0.068684 0.456899 -0.179749 -2.936311 0.897567 2.489238 
===========================================================
62 63 6253331892_d514dc1158.jpg 
63 SIMPLE_RADIAL 1024 768 
1508.725464 512.000000 384.000000 0.114512 
0.761826 0.120397 0.609241 -0.184258 -4.775151 1.254573 7.398512 
===========================================================
63 56 6002128397_f0aac27a3b.jpg 
56 SIMPLE_RADIAL 1024 921 
948.635864 512.000000 460.500000 -0.028132 
0.863595 0.080016 0.471504 -0.159643 -3.073644 0.787684 3.044734 
===========================================================
64 64 6296375108_fe90aab3d1.jpg 
64 SIMPLE_RADIAL 2592 1944 
2793.786865 1296.000000 972.000000 -0.107509 
0.859081 0.024561 0.483726 -0.165487 -3.208343 1.010293 3.170512 
===========================================================
66 67 6538248923_f183901100.jpg 
67 SIMPLE_RADIAL 1024 685 
777.814392 512.000000 342.500000 -0.101216 
0.995536 -0.089654 -0.012436 -0.026740 2.604343 -0.331398 -0.303589 
===========================================================
67 68 6743591059_567a23ebfc.jpg 
68 SIMPLE_RADIAL 1528 2048 
1430.802856 764.000000 1024.000000 -0.031316 
0.998825 -0.032610 0.024716 0.025982 3.901389 -0.002698 -0.661798 
===========================================================
68 66 6401950399_8ff4baef0a.jpg 
66 SIMPLE_RADIAL 4572 3048 
4227.016602 2286.000000 1524.000000 -0.024982 
0.882242 0.058556 0.440220 -0.156291 -3.078026 0.752669 2.353938 
===========================================================
69 69 6836268851_56863916bd.jpg 
69 SIMPLE_RADIAL 600 400 
687.829468 300.000000 200.000000 -0.078621 
0.681028 0.093908 0.698731 -0.197881 -3.787258 1.272730 8.065189 
===========================================================
70 71 6989751041_34050df3cb.jpg 
71 SIMPLE_RADIAL 2144 1608 
2583.531494 1072.000000 804.000000 -0.081948 
0.749706 0.097494 0.630556 -0.175601 -4.677128 1.169769 7.546292 
===========================================================
71 72 7031475097_090b13dbcc.jpg 
72 SIMPLE_RADIAL 1000 675 
764.794128 500.000000 337.500000 0.062948 
0.876503 0.069971 0.451403 -0.151928 -3.400148 0.633821 2.867020 
===========================================================
72 70 6923487619_dab89fc9ed.jpg 
70 SIMPLE_RADIAL 2736 3648 
4243.832520 1368.000000 1824.000000 -0.101083 
0.758872 0.104288 0.616940 -0.180618 -4.404715 0.811019 6.166304 
===========================================================
73 73 7085597473_08a4fd6135.jpg 
73 SIMPLE_RADIAL 1024 683 
1013.333984 512.000000 341.500000 -0.044371 
0.821876 0.057900 0.529971 -0.200744 -3.170102 1.279924 3.812216 
===========================================================
74 74 7214873482_bd20eab206.jpg 
74 SIMPLE_RADIAL 3648 2736 
3691.800781 1824.000000 1368.000000 -0.117023 
0.993296 0.067707 -0.087560 0.033335 2.099495 0.369099 1.074442 
===========================================================
75 75 7280870782_c578baf956.jpg 
75 SIMPLE_RADIAL 3648 2736 
3746.341309 1824.000000 1368.000000 -0.132690 
0.814073 0.116107 0.548164 -0.152713 -2.538855 0.509299 3.244022 
===========================================================
76 76 8015400844_89fc50b5c4.jpg 
76 SIMPLE_RADIAL 4320 3240 
3132.931152 2160.000000 1620.000000 -0.017121 
0.881322 0.083028 0.445926 -0.132391 -3.184847 0.551664 2.471670 
===========================================================
77 78 8161786227_d2ae3d11c0.jpg 
78 SIMPLE_RADIAL 2048 1536 
2186.868896 1024.000000 768.000000 0.037405 
0.828879 0.063990 0.528860 -0.170802 -3.648867 0.747612 3.854237 
===========================================================
78 79 8318963587_549bfc1cdf.jpg 
79 SIMPLE_RADIAL 1200 788 
1251.053833 600.000000 394.000000 -0.120306 
0.999357 0.013245 0.018994 -0.027392 2.122304 0.439819 1.204654 
===========================================================
79 80 8320627001_2e74b58e37.jpg 
80 SIMPLE_RADIAL 2376 1584 
1989.389160 1188.000000 792.000000 -0.164086 
0.854460 -0.022236 0.483477 -0.188823 -2.297100 -0.163691 -0.037824 
===========================================================
80 77 8097070315_ba8a57e8c9.jpg 
77 SIMPLE_RADIAL 4000 3000 
4198.330078 2000.000000 1500.000000 -0.143574 
0.990025 -0.101832 -0.088427 0.040762 3.909610 0.162398 0.305123 
===========================================================
81 81 8338552985_6e1e00c297.jpg 
81 SIMPLE_RADIAL 2126 1388 
2329.016113 1063.000000 694.000000 -0.045505 
0.813344 0.041965 0.531223 -0.233480 -3.778961 1.102568 2.981163 
===========================================================
82 82 8354349122_ee1d894893.jpg 
82 SIMPLE_RADIAL 1024 768 
887.883850 512.000000 384.000000 -0.129508 
0.883470 0.042519 0.436078 -0.165858 -2.868904 0.213242 1.484192 
===========================================================
83 83 8424009731_67aa54f65d.jpg 
83 SIMPLE_RADIAL 2304 1728 
2221.687988 1152.000000 864.000000 -0.110988 
0.995971 0.017476 0.079126 -0.038398 1.492626 0.066441 0.658655 
===========================================================
84 84 8595603351_3c984427a1.jpg 
84 SIMPLE_RADIAL 1024 693 
1151.245117 512.000000 346.500000 -0.107373 
0.995979 0.076375 0.039472 -0.025177 1.982919 0.789750 2.414249 
===========================================================
85 85 8626578158_5f8a6becd5.jpg 
85 SIMPLE_RADIAL 1024 673 
992.994995 512.000000 336.500000 0.022662 
0.995133 0.087651 -0.040417 0.019841 2.725993 0.518216 1.804198 
===========================================================
86 87 8730571348_3e82b5e623.jpg 
87 SIMPLE_RADIAL 1024 625 
997.597778 512.000000 312.500000 -0.039759 
0.998681 -0.001214 0.037542 -0.035019 2.609352 0.094427 2.022957 
===========================================================
87 86 8692478245_863899190f.jpg 
86 SIMPLE_RADIAL 4608 3456 
3309.888672 2304.000000 1728.000000 -0.020403 
0.998968 -0.019784 -0.040442 0.005947 3.348352 0.093645 0.336347 
===========================================================
88 89 9401870538_70072a9d95.jpg 
89 SIMPLE_RADIAL 1024 712 
780.554138 512.000000 356.000000 -0.040630 
0.994697 0.089078 0.049790 -0.012785 1.252562 0.453503 1.454652 
===========================================================
89 88 8775835540_7bac18c759.jpg 
88 SIMPLE_RADIAL 3264 2448 
3002.255371 1632.000000 1224.000000 0.078598 
0.892997 0.051021 0.421107 -0.150408 -2.525719 0.347231 1.801879 
===========================================================
90 90 9492629347_372a3b9997.jpg 
90 SIMPLE_RADIAL 2560 1920 
2112.522217 1280.000000 960.000000 -0.012504 
0.998941 -0.023697 -0.029413 -0.026257 2.766647 0.431880 1.221115 
===========================================================
91 91 9603131146_4cb0b703bd.jpg 
91 SIMPLE_RADIAL 640 424 
477.890991 320.000000 212.000000 -0.054231 
0.985104 0.063649 -0.144605 0.067886 2.672083 1.033385 2.894355 
===========================================================
92 92 9730964940_2f2a8f0b9f.jpg 
92 SIMPLE_RADIAL 612 612 
736.075012 306.000000 306.000000 -0.148988 
0.994461 0.076007 -0.061725 0.038205 3.161238 0.900083 2.302641 
===========================================================
93 93 6295841651_46281b7236.jpg 
93 SIMPLE_RADIAL 2592 1944 
2764.568359 1296.000000 972.000000 -0.117862 
0.686486 0.137894 0.689559 -0.185014 -3.157060 0.808818 8.331745 
===========================================================
96 96 flooding1.jpg 
96 SIMPLE_RADIAL 768 512 
526.489685 384.000000 256.000000 -0.045145 
0.815897 0.095063 0.547240 -0.160636 -2.804230 0.505165 3.495967 
